1 [10, 101, 102, 105, 109, 1000, 1005, 1015, 1021, 1022, 1025, 1026, 1029, 1032, 1033, 1037, 1040, 1048, 1052, 1054, 1058, 1059, 1061, 1071, 1077, 1078, 1080, 1083, 1085, 1093, 1096, 1097, 1, 110, 111, 112, 113, 115, 118, 119, 1110, 1114, 1119, 1130, 1131, 1135, 1159, 1164, 1174, 1176, 1183, 1184, 1185, 1198, 12, 120, 121, 122, 123, 124, 125, 126, 127, 1203, 1204, 1207, 1209, 1218, 1219, 1221, 1222, 1223, 1225, 1232, 1240, 1245, 1250, 1259, 1263, 1285, 1286, 1296, 1299, 1303, 1305, 1312, 1318, 1326, 1327, 1328, 1333, 1338, 1344, 1345, 1347, 1348, 1365, 1368, 1385, 1386, 1389, 1390, 1391, 141, 142, 144, 145, 148, 1401, 1441, 1466, 1467, 1468, 1469, 1473, 1474, 1475, 1476, 1479, 1479, 1487, 150, 152, 154, 157, 1507, 1530, 1531, 1532, 1533, 1534, 1552, 1576, 1578, 1589, 16, 160, 161, 1660, 172, 178, 1711, 1714, 1716, 1719, 1720, 1722, 1728, 1731, 1742, 1748, 1751, 1752, 1753, 1757, 1759, 1760, 1765, 1768, 1770, 1771, 1782, 1784, 184, 189, 1811, 1814, 1815, 1817, 1818, 1819, 1825, 1831, 1832, 1858, 1863, 1867, 1868, 1875, 1895, 1898, 19, 196, 1909, 1911, 1913, 1921, 1922, 1924, 1928, 1937, 1943, 1947, 1952, 1953, 1954, 1958, 1960, 1969, 1970, 1984, 1985, 1986, 1997]



3 [3, 33, 34, 36, 37, 39, 300, 304, 310, 312, 314, 317, 318, 319, 320, 321, 322, 328, 329, 340, 341, 347, 348, 349, 351, 352, 360, 361, 362, 362, 364, 366, 368, 373, 376, 379, 380, 381, 383, 386, 389, 392, 393, 395, 397, 399, 3000, 3019, 3050, 3051, 3054, 3071, 3093, 3343]



4 [4, 40, 41, 42, 43, 44, 45, 46, 48, 49, 400, 403, 408, 411, 412, 414, 433, 434, 437, 438, 439, 440, 441, 444, 446, 447, 448, 451, 452, 456, 465, 467, 469, 470, 474, 475, 476, 481, 484, 485, 496, 498, 4009, 4029, 4053, 4057, 4061, 4062, 4064, 4083, 4084, 4087, 4093]



5 [5, 50, 51, 52, 53, 55, 56, 58, 505, 507, 509, 511, 513, 514, 515, 516, 517, 519, 522, 523, 524, 525, 534, 538, 544, 547, 548, 549, 552, 553, 565, 567, 568, 569, 576, 580, 582, 584, 591, 593, 594, 5000, 5008, 5010, 5018, 5020, 5026, 5043, 5051, 5052, 5053, 5063, 5065, 5099]



6 [6, 60, 61, 63, 64, 65, 69, 601, 603, 612, 616, 617, 619, 628, 631, 634, 636, 637, 641, 644, 647, 650, 656, 662, 663, 664, 667, 668, 669, 675, 680, 681, 682, 686, 691, 693, 696, 699, 6000, 6007, 6008, 6015, 6024, 6040, 6045, 6059, 6061, 6095, 6097]



8 [8, 80, 81, 82, 83, 85, 86, 87, 88, 802, 804, 805, 806, 807, 809, 812, 817, 818, 822, 824, 832, 840, 841, 842, 843, 845, 857, 861, 869, 870, 871, 873, 878, 879, 880, 883, 885, 894, 898]



2 [20, 200, 201, 203, 205, 207, 2015, 2019, 2022, 2026, 2028, 2029, 2033, 2035, 2037, 2038, 2039, 2043, 2044, 2045, 2053, 2053, 2055, 2079, 2083, 2091, 2099, 21, 213, 214, 215, 2102, 2109, 2147, 2149, 2150, 2152, 2153, 2159, 2169, 2181, 2195, 22, 220, 228, 2209, 2210, 2212, 2214, 2215, 2228, 2229, 2230, 2243, 2252, 2255, 2259, 2261, 2263, 2267, 2273, 2274, 2289, 2297, 2298, 232, 235, 237, 239, 2301, 2334, 2335, 2341, 2348, 2356, 2362, 2365, 2366, 2367, 2373, 2375, 2381, 2391, 2395, 2397, 242, 244, 246, 2401, 2407, 2410, 2413, 2416, 2417, 2418, 2422, 2423, 2441, 2446, 2448, 2449, 2468, 2486, 2488, 2491, 2495, 2496, 253, 2511, 2515, 2516, 2522, 2528, 2529, 2536, 2547, 2561, 2579, 2581, 2585, 2587, 2588, 2597, 261, 262, 269, 2604, 2612, 2616, 2618, 2632, 2642, 2647, 2658, 2666, 2668, 2672, 2674, 2676, 2681, 2694, 274, 275, 277, 2703, 2705, 2711, 2713, 2719, 2723, 2729, 2730, 2736, 2742, 2745, 2746, 2747, 2754, 2755, 2757, 2759, 2763, 2765, 2780, 2783, 2785, 2791, 2792, 280, 287, 288, 2806, 2809, 2817, 2822, 2832, 2842, 2867, 2881, 2884, 2887, 2889, 2896, 29, 293, 294, 295, 299]



7 [70, 75, 78, 79, 700, 701, 703, 704, 705, 706, 711, 712, 713, 714, 726, 730, 762, 763, 784, 785, 787, 795, 7001, 7005, 7007, 7010, 7017, 7020, 7023]



9 [90, 92, 94, 95, 98, 900, 903, 905, 914, 923, 924, 925, 928, 929, 930, 932, 935, 952, 962, 966, 969, 972, 973, 974, 978, 981, 982, 985, 988, 991, 992, 995, 997, 998, 999]



